Energy [GeV]	 Cross Section [cm2]
LHAPDF 6.1.3 loading all 29 PDFs in set HERAPDF15NNLO_EIG
HERAPDF15NNLO_EIG, version 1; 29 PDF members
LHAPDF 6.1.3 loading all 29 PDFs in set HERAPDF15NNLO_EIG
HERAPDF15NNLO_EIG, version 1; 29 PDF members
2.86391e-35 1.70835e-34 1.99474e-34
1.86117e-37 6.31044e-35 6.32905e-35
1.00e+05	 1.9947e-34	 6.3291e-35
5.42314e-35 2.22349e-34 2.7658e-34
3.79757e-37 8.46672e-35 8.50469e-35
2.00e+05	 2.7658e-34	 8.5047e-35
1.18506e-34 2.86132e-34 4.04638e-34
9.0819e-37 1.13327e-34 1.14235e-34
5.00e+05	 4.0464e-34	 1.1424e-34
2.01426e-34 3.24878e-34 5.26304e-34
1.64433e-36 1.32099e-34 1.33743e-34
1.00e+06	 5.2630e-34	 1.3374e-34
3.24203e-34 3.53614e-34 6.77817e-34
2.80084e-36 1.46864e-34 1.49664e-34
2.00e+06	 6.7782e-34	 1.4966e-34
5.61564e-34 3.78199e-34 9.39763e-34
5.19611e-36 1.60239e-34 1.65435e-34
5.00e+06	 9.3976e-34	 1.6543e-34
8.10275e-34 3.8936e-34 1.19964e-33
7.84324e-36 1.6659e-34 1.74434e-34
1.00e+07	 1.1996e-33	 1.7443e-34
1.12169e-33 3.963e-34 1.51799e-33
1.13485e-35 1.70653e-34 1.82002e-34
2.00e+07	 1.5180e-33	 1.8200e-34
1.65438e-33 4.01425e-34 2.05581e-33
1.7652e-35 1.7375e-34 1.91402e-34
5.00e+07	 2.0558e-33	 1.9140e-34
2.15328e-33 4.03492e-34 2.55677e-33
2.37207e-35 1.75018e-34 1.98739e-34
1.00e+08	 2.5568e-33	 1.9874e-34
2.75709e-33 4.04679e-34 3.16177e-33
3.13255e-35 1.75759e-34 2.07084e-34
2.00e+08	 3.1618e-33	 2.0708e-34
3.7141e-33 4.05496e-34 4.1196e-33
4.35968e-35 1.76278e-34 2.19875e-34
5.00e+08	 4.1196e-33	 2.1988e-34
4.57142e-33 4.05807e-34 4.97723e-33
5.49835e-35 1.76477e-34 2.3146e-34
1.00e+09	 4.9772e-33	 2.3146e-34
5.55715e-33 4.05978e-34 5.96312e-33
6.82391e-35 1.76587e-34 2.44826e-34
2.00e+09	 5.9631e-33	 2.4483e-34
7.06929e-33 4.06092e-34 7.47538e-33
8.8741e-35 1.76661e-34 2.65402e-34
5.00e+09	 7.4754e-33	 2.6540e-34
8.37445e-33 4.06122e-34 8.78058e-33
1.06877e-34 1.76688e-34 2.83565e-34
1.00e+10	 8.7806e-33	 2.8356e-34
9.84338e-33 4.06148e-34 1.02495e-32
1.27141e-34 1.76699e-34 3.0384e-34
2.00e+10	 1.0250e-32	 3.0384e-34
1.20686e-32 4.06171e-34 1.24748e-32
1.58009e-34 1.76712e-34 3.34721e-34
5.00e+10	 1.2475e-32	 3.3472e-34
1.39316e-32 4.06176e-34 1.43378e-32
1.84842e-34 1.76716e-34 3.61557e-34
1.00e+11	 1.4338e-32	 3.6156e-34
1.59658e-32 4.06179e-34 1.6372e-32
2.14138e-34 1.76718e-34 3.90856e-34
2.00e+11	 1.6372e-32	 3.9086e-34
1.90613e-32 4.06181e-34 1.94674e-32
2.58263e-34 1.76718e-34 4.34981e-34
5.00e+11	 1.9467e-32	 4.3498e-34
2.16272e-32 4.06182e-34 2.20334e-32
2.97274e-34 1.7672e-34 4.73994e-34
1.00e+12	 2.2033e-32	 4.7399e-34
2.42805e-32 4.06183e-34 2.46867e-32
3.3495e-34 1.76715e-34 5.11665e-34
2.00e+12	 2.4687e-32	 5.1167e-34
2.82688e-32 4.06184e-34 2.8675e-32
3.96585e-34 1.7672e-34 5.73305e-34
5.00e+12	 2.8675e-32	 5.7330e-34
