0.01	0.000651173	0.00110593	0.00131411	0.00132336	0.00120868	0.00103446	0.00084506	0.000666542
0.11	0.0893902	0.123362	0.136812	0.133749	0.120446	0.102391	0.0834086	0.0657506
0.21	0.330469	0.434912	0.473864	0.459774	0.412644	0.350282	0.285218	0.224868
0.31	0.702958	0.912518	0.990423	0.96014	0.861779	0.731821	0.596188	0.470305
0.41	1.16568	1.52165	1.66068	1.61645	1.45487	1.23778	1.00969	0.797278
0.51	1.67162	2.22091	2.4542	2.4083	2.17868	1.85956	1.52004	1.20193
0.61	2.17986	2.96852	3.33815	3.31338	3.01913	2.58848	2.12181	1.6808
0.71	2.66143	3.72758	4.27993	4.30835	3.96134	3.4155	2.80959	2.23056
0.81	3.09981	4.46906	5.24956	5.3699	4.98987	4.33127	3.57785	2.84795
0.91	3.48853	5.17261	6.22123	6.4757	6.08916	5.32613	4.42094	3.52968
1.01	3.82787	5.82584	7.17415	7.60526	7.24387	6.39027	5.33306	4.27243
1.11	4.12205	6.42281	8.09262	8.74044	8.43927	7.51385	6.30831	5.07282
1.21	4.37711	6.9624	8.96571	9.86581	9.66152	8.68715	7.34071	5.92742
1.31	4.59959	7.44667	9.78661	10.9687	10.8979	9.90068	8.42428	6.83274
1.41	4.79576	7.8797	10.5519	12.0392	12.1372	11.1454	9.55304	7.78528
1.51	4.97126	8.26659	11.2607	13.0698	13.3692	12.4126	10.7211	8.78148
1.61	5.13097	8.61283	11.9141	14.0553	14.5854	13.6942	11.9227	9.81782
1.71	5.27897	8.92389	12.5146	14.9925	15.7786	14.9829	13.1522	10.8907
1.81	5.41863	9.20495	13.0653	15.8795	16.943	16.2718	14.4042	11.9967
1.91	5.55271	9.46077	13.5702	16.7159	18.0739	17.5548	15.6736	13.1324
2.01	5.68342	9.69563	14.0331	17.5024	19.1678	18.8265	16.9555	14.2942
2.11	5.81251	9.91331	14.4582	18.2403	20.2221	20.0822	18.2452	15.4789
2.21	5.9414	10.1171	14.8494	18.9315	21.2352	21.3178	19.5386	16.6833
2.31	6.07117	10.3099	15.2105	19.5782	22.2062	22.5298	20.8315	17.9042
2.41	6.20269	10.4942	15.5449	20.183	23.1347	23.7154	22.1203	19.1386
2.51	6.3366	10.672	15.856	20.7486	24.021	24.8722	23.4018	20.3836
2.61	6.47341	10.8453	16.1467	21.2777	24.8657	25.9983	24.6728	21.6364
2.71	6.6135	11.0155	16.4198	21.7731	25.6697	27.0924	25.9307	22.8944
2.81	6.75714	11.184	16.6776	22.2373	26.4344	28.1535	27.173	24.1551
2.91	6.9045	11.3519	16.9224	22.673	27.161	29.181	28.3977	25.4161
3.01	7.05573	11.5201	17.1563	23.0826	27.8513	30.1745	29.6029	26.6753
3.11	7.21088	11.6895	17.3809	23.4684	28.5068	31.134	30.7869	27.9305
3.21	7.36999	11.8606	17.5978	23.8326	29.1293	32.0596	31.9486	29.18
3.31	7.53305	12.0341	17.8084	24.1773	29.7205	32.9517	33.0867	30.4218
3.41	7.70004	12.2104	18.0141	24.5044	30.2821	33.8109	34.2005	31.6545
3.51	7.8709	12.39	18.2158	24.8155	30.8159	34.6379	35.289	32.8764
3.61	8.04557	12.5732	18.4146	25.1124	31.3235	35.4334	36.352	34.0863
3.71	8.22397	12.7602	18.6114	25.3966	31.8066	36.1983	37.3889	35.2829
3.81	8.406	12.9512	18.807	25.6694	32.2668	36.9336	38.3995	36.4652
3.91	8.59158	13.1465	19.0019	25.9321	32.7055	37.6402	39.3838	37.6321
4.01	8.78059	13.3463	19.1969	26.1859	33.1242	38.3192	40.3418	38.7828
4.11	8.97294	13.5505	19.3925	26.4319	33.5244	38.9716	41.2735	39.9166
4.21	9.16852	13.7594	19.5891	26.671	33.9073	39.5985	42.1793	41.0327
4.31	9.36721	13.973	19.7872	26.9041	34.2742	40.2009	43.0595	42.1307
4.41	9.56891	14.1913	19.9872	27.1322	34.6262	40.78	43.9142	43.2101
4.51	9.7735	14.4144	20.1894	27.3558	34.9644	41.3367	44.7441	44.2705
4.61	9.98088	14.6423	20.394	27.5758	35.29	41.8721	45.5495	45.3116
4.71	10.1909	14.875	20.6014	27.7928	35.6039	42.3872	46.331	46.3331
4.81	10.4036	15.1125	20.8117	28.0073	35.907	42.883	47.0892	47.3349
4.91	10.6186	15.3549	21.0252	28.2198	36.2001	43.3604	47.8245	48.317
5.01	10.8361	15.602	21.242	28.4309	36.4842	43.8203	48.5375	49.2791
5.11	11.0557	15.854	21.4624	28.641	36.76	44.2637	49.229	50.2215
5.21	11.2776	16.1107	21.6863	28.8505	37.0281	44.6915	49.8995	51.1441
5.31	11.5015	16.3721	21.9141	29.0597	37.2893	45.1043	50.5496	52.047
5.41	11.7273	16.6382	22.1456	29.269	37.5442	45.5031	51.1799	52.9303
5.51	11.9549	16.909	22.3812	29.4788	37.7933	45.8886	51.7912	53.7943
5.61	12.1844	17.1844	22.6207	29.6892	38.0373	46.2616	52.3839	54.6391
5.71	12.4155	17.4644	22.8644	29.9006	38.2766	46.6226	52.9588	55.4649
5.81	12.6481	17.7489	23.1122	30.1132	38.5117	46.9725	53.5165	56.2721
5.91	12.8823	18.0379	23.3642	30.3272	38.7431	47.3119	54.0575	57.0608
6.01	13.1178	18.3314	23.6204	30.5428	38.9711	47.6413	54.5825	57.8314
6.11	13.3547	18.6293	23.8809	30.7602	39.1962	47.9613	55.092	58.5842
6.21	13.5928	18.9315	24.1457	30.9795	39.4188	48.2726	55.5867	59.3195
6.31	13.832	19.2381	24.4149	31.2009	39.6391	48.5755	56.0671	60.0376
6.41	14.0723	19.5489	24.6883	31.4246	39.8575	48.8708	56.5337	60.7389
6.51	14.3136	19.864	24.9662	31.6506	40.0744	49.1587	56.9871	61.4237
6.61	14.5557	20.1832	25.2484	31.8792	40.2899	49.4398	57.4278	62.0924
6.71	14.7988	20.5065	25.535	32.1103	40.5043	49.7144	57.8563	62.7453
6.81	15.0425	20.834	25.826	32.3441	40.718	49.9831	58.273	63.3828
6.91	15.287	21.1654	26.1213	32.5807	40.931	50.2463	58.6786	64.0053
7.01	15.5321	21.5009	26.421	32.8201	41.1437	50.5041	59.0734	64.6132
7.11	15.7777	21.8403	26.7251	33.0625	41.3562	50.7572	59.4578	65.2067
7.21	16.0238	22.1836	27.0336	33.3078	41.5687	51.0057	59.8324	65.7863
7.31	16.2703	22.5307	27.3464	33.5562	41.7814	51.2499	60.1975	66.3523
7.41	16.5171	22.8817	27.6635	33.8077	41.9945	51.4903	60.5535	66.9051
7.51	16.7643	23.2364	27.985	34.0624	42.2081	51.7271	60.9009	67.445
7.61	17.0116	23.5948	28.3108	34.3203	42.4223	51.9605	61.2399	67.9724
7.71	17.2591	23.9569	28.641	34.5815	42.6373	52.1908	61.571	68.4876
7.81	17.5067	24.3227	28.9754	34.8459	42.8533	52.4183	61.8945	68.991
7.91	17.7543	24.6921	29.3141	35.1136	43.0703	52.6432	62.2108	69.4829
8.01	18.0019	25.065	29.6571	35.3847	43.2884	52.8657	62.5201	69.9636
8.11	18.2493	25.4414	30.0043	35.6591	43.5077	53.0861	62.8229	70.4335
8.21	18.4967	25.8213	30.3557	35.937	43.7284	53.3044	63.1193	70.8928
8.31	18.7438	26.2046	30.7113	36.2183	43.9506	53.521	63.4096	71.342
8.41	18.9907	26.5913	31.0712	36.503	44.1743	53.7361	63.6943	71.7812
8.51	19.2373	26.9814	31.4352	36.7912	44.3995	53.9497	63.9734	72.2109
8.61	19.4835	27.3748	31.8034	37.0828	44.6265	54.162	64.2474	72.6312
8.71	19.7293	27.7715	32.1757	37.3779	44.8552	54.3733	64.5164	73.0424
8.81	19.9747	28.1714	32.5521	37.6766	45.0857	54.5836	64.7806	73.445
8.91	20.2195	28.5745	32.9326	37.9787	45.318	54.7931	65.0403	73.839
9.01	20.4637	28.9808	33.3172	38.2843	45.5523	55.0019	65.2958	74.2249
9.11	20.7073	29.3902	33.7059	38.5935	45.7886	55.2101	65.5472	74.6027
9.21	20.9503	29.8028	34.0986	38.9062	46.0269	55.418	65.7947	74.9729
9.31	21.1925	30.2184	34.4953	39.2224	46.2673	55.6255	66.0386	75.3356
9.41	21.434	30.637	34.896	39.5421	46.5099	55.8329	66.279	75.6911
9.51	21.6746	31.0586	35.3007	39.8654	46.7546	56.0401	66.5161	76.0397
9.61	21.9144	31.4832	35.7093	40.1922	47.0015	56.2474	66.7501	76.3814
9.71	22.1533	31.9108	36.1219	40.5225	47.2506	56.4547	66.9811	76.7167
9.81	22.3913	32.3412	36.5384	40.8564	47.502	56.6623	67.2094	77.0456
9.91	22.6282	32.7745	36.9588	41.1938	47.7558	56.8701	67.435	77.3684
